{
 "cells": [
  {
   "cell_type": "code",
   "execution_count": 2,
   "metadata": {},
   "outputs": [
    {
     "name": "stdout",
     "output_type": "stream",
     "text": [
      "[0, 1, 2, 3, 4, 5, 6, 7, 8, 9, 10, 11, 12, 13, 14]\n",
      "<class 'list'>\n",
      "[[0, 29, 82, 46, 68, 52, 72, 42, 51, 55, 29, 74, 23, 72, 46], [29, 0, 55, 46, 42, 43, 43, 23, 23, 31, 41, 51, 11, 52, 21], [82, 55, 0, 68, 46, 55, 23, 43, 41, 29, 79, 21, 64, 31, 51], [46, 46, 68, 0, 82, 15, 72, 31, 62, 42, 21, 51, 51, 43, 64], [68, 42, 46, 82, 0, 74, 23, 52, 21, 46, 82, 58, 46, 65, 23], [52, 43, 55, 15, 74, 0, 61, 23, 55, 31, 33, 37, 51, 29, 59], [72, 43, 23, 72, 23, 61, 0, 42, 23, 31, 77, 37, 51, 46, 33], [42, 23, 43, 31, 52, 23, 42, 0, 33, 15, 37, 33, 33, 31, 37], [51, 23, 41, 62, 21, 55, 23, 33, 0, 29, 62, 46, 29, 51, 11], [55, 31, 29, 42, 46, 31, 31, 15, 29, 0, 51, 21, 41, 23, 37], [29, 41, 79, 21, 82, 33, 77, 37, 62, 51, 0, 65, 42, 59, 61], [74, 51, 21, 51, 58, 37, 37, 33, 46, 21, 65, 0, 61, 11, 55], [23, 11, 64, 51, 46, 51, 51, 33, 29, 41, 42, 61, 0, 62, 23], [72, 52, 31, 43, 65, 29, 46, 31, 51, 23, 59, 11, 62, 0, 59], [46, 21, 51, 64, 23, 59, 33, 37, 11, 37, 61, 55, 23, 59, 0]]\n",
      "<class 'list'>\n",
      "[[0, 14, 1, 11, 12, 8, 13, 6, 5, 3, 4, 7, 2, 9, 10, 0], [0, 13, 4, 9, 6, 10, 3, 12, 11, 1, 14, 5, 2, 8, 7, 0], [0, 8, 14, 6, 9, 10, 11, 13, 3, 2, 1, 4, 5, 7, 12, 0], [0, 3, 7, 8, 4, 5, 14, 2, 13, 12, 10, 9, 1, 11, 6, 0], [0, 1, 10, 2, 12, 4, 14, 5, 6, 7, 11, 13, 3, 9, 8, 0], [0, 2, 1, 10, 5, 9, 8, 3, 13, 7, 12, 14, 4, 6, 11, 0], [0, 10, 5, 13, 14, 3, 2, 12, 11, 4, 8, 7, 6, 1, 9, 0], [0, 11, 1, 7, 13, 14, 8, 2, 4, 3, 6, 10, 9, 5, 12, 0], [0, 4, 8, 12, 3, 2, 7, 11, 5, 1, 9, 6, 14, 10, 13, 0], [0, 14, 5, 13, 3, 11, 9, 10, 1, 7, 12, 8, 4, 2, 6, 0]]\n"
     ]
    }
   ],
   "source": [
    "import tsplib95\n",
    "import GA\n",
    "\n",
    "problem = tsplib95.load('TSP files/p01.tsp')\n",
    "#print(problem.render())\n",
    "\n",
    "cities = list(problem.get_nodes())\n",
    "print(cities)\n",
    "print(type(cities))\n",
    "\n",
    "distances = problem.edge_weights\n",
    "print(distances)\n",
    "print(type(distances))\n",
    "GA_1 = GA.GeneticAlgorithm(cities, distances, 0, 10)\n",
    "GA_1.initialize_population()\n",
    "\n",
    "print(GA_1.population)\n"
   ]
  }
 ],
 "metadata": {
  "language_info": {
   "name": "python"
  }
 },
 "nbformat": 4,
 "nbformat_minor": 2
}
